Result for strategy Bandtastic
=========================================================== BACKTESTING REPORT ==========================================================
|       Pair |   Buys |   Avg Profit % |   Cum Profit % |   Tot Profit USDT |   Tot Profit % |   Avg Duration |   Win  Draw  Loss  Win% |
|------------+--------+----------------+----------------+-------------------+----------------+----------------+-------------------------|
| TFUEL/USDT |    685 |           0.94 |         645.76 |          6464.075 |           6.46 |        7:42:00 |   427    77   181  62.3 |
| MATIC/USDT |    673 |           0.68 |         454.36 |          4548.180 |           4.55 |        7:45:00 |   441    62   170  65.5 |
|   CHZ/USDT |    696 |           0.64 |         446.73 |          4471.753 |           4.47 |        7:47:00 |   444    87   165  63.8 |
|  DREP/USDT |    655 |           0.66 |         430.05 |          4304.790 |           4.30 |        8:16:00 |   416    78   161  63.5 |
|   FTM/USDT |    667 |           0.63 |         422.12 |          4225.455 |           4.23 |        7:50:00 |   398    64   205  59.7 |
|  HBAR/USDT |    679 |           0.61 |         417.33 |          4177.511 |           4.18 |        8:01:00 |   422    86   171  62.2 |
|   LSK/USDT |    677 |           0.61 |         412.02 |          4124.309 |           4.12 |        7:54:00 |   415    76   186  61.3 |
|  DOGE/USDT |    685 |           0.56 |         383.65 |          3840.294 |           3.84 |        7:59:00 |   441    83   161  64.4 |
|  ALGO/USDT |    677 |           0.52 |         352.49 |          3528.414 |           3.53 |        7:47:00 |   430    58   189  63.5 |
|   HOT/USDT |    673 |           0.48 |         324.42 |          3247.420 |           3.25 |        8:10:00 |   414    81   178  61.5 |
|   ETC/USDT |    667 |           0.48 |         321.96 |          3222.841 |           3.22 |        7:49:00 |   421    68   178  63.1 |
|  ATOM/USDT |    650 |           0.48 |         312.10 |          3124.099 |           3.12 |        8:06:00 |   403    60   187  62.0 |
|   XEM/USDT |    336 |           0.92 |         309.85 |          3101.634 |           3.10 |        8:05:00 |   216    47    73  64.3 |
|   ENJ/USDT |    646 |           0.48 |         307.07 |          3073.741 |           3.07 |        8:18:00 |   401    57   188  62.1 |
|   DGB/USDT |    543 |           0.57 |         306.96 |          3072.719 |           3.07 |        8:35:00 |   316    63   164  58.2 |
| THETA/USDT |    631 |           0.47 |         299.16 |          2994.577 |           2.99 |        8:17:00 |   376    70   185  59.6 |
|  NANO/USDT |    670 |           0.45 |         298.40 |          2987.001 |           2.99 |        7:58:00 |   425    70   175  63.4 |
|   DCR/USDT |    537 |           0.55 |         294.01 |          2943.001 |           2.94 |        8:09:00 |   346    59   132  64.4 |
|  MANA/USDT |    502 |           0.57 |         287.24 |          2875.271 |           2.88 |        8:39:00 |   306    54   142  61.0 |
|   RVN/USDT |    669 |           0.43 |         286.36 |          2866.420 |           2.87 |        8:05:00 |   407    75   187  60.8 |
|   ZEN/USDT |    562 |           0.50 |         282.87 |          2831.539 |           2.83 |        8:34:00 |   323    62   177  57.5 |
|   NEO/USDT |    646 |           0.41 |         266.08 |          2663.508 |           2.66 |        8:08:00 |   402    81   163  62.2 |
|   ONT/USDT |    673 |           0.38 |         256.73 |          2569.827 |           2.57 |        7:52:00 |   417    70   186  62.0 |
|    SC/USDT |    598 |           0.42 |         248.19 |          2484.427 |           2.48 |        8:04:00 |   376    66   156  62.9 |
|   XTZ/USDT |    655 |           0.37 |         242.29 |          2425.309 |           2.43 |        8:20:00 |   401    83   171  61.2 |
|   ZEC/USDT |    668 |           0.36 |         242.08 |          2423.203 |           2.42 |        7:53:00 |   432    71   165  64.7 |
|  IOTA/USDT |    632 |           0.38 |         239.05 |          2392.915 |           2.39 |        8:20:00 |   377    74   181  59.7 |
|   VET/USDT |    610 |           0.38 |         233.53 |          2337.662 |           2.34 |        8:33:00 |   363    76   171  59.5 |
|   BAT/USDT |    649 |           0.33 |         214.31 |          2145.236 |           2.15 |        8:06:00 |   399    68   182  61.5 |
|   OMG/USDT |    639 |           0.33 |         211.18 |          2113.956 |           2.11 |        8:34:00 |   385    61   193  60.3 |
|   XRP/USDT |    652 |           0.32 |         209.89 |          2100.972 |           2.10 |        7:59:00 |   415    61   176  63.7 |
|   ADA/USDT |    620 |           0.33 |         203.26 |          2034.602 |           2.03 |        8:32:00 |   370    66   184  59.7 |
|  LINK/USDT |    637 |           0.29 |         187.80 |          1879.833 |           1.88 |        8:19:00 |   388    67   182  60.9 |
|   XLM/USDT |    637 |           0.28 |         175.26 |          1754.364 |           1.75 |        8:24:00 |   396    63   178  62.2 |
|   ZIL/USDT |    636 |           0.25 |         161.38 |          1615.461 |           1.62 |        8:13:00 |   372    76   188  58.5 |
|   LTC/USDT |    642 |           0.25 |         161.09 |          1612.540 |           1.61 |        8:08:00 |   392    74   176  61.1 |
|   BCH/USDT |    660 |           0.24 |         159.25 |          1594.054 |           1.59 |        8:01:00 |   413    76   171  62.6 |
| WAVES/USDT |    621 |           0.24 |         149.57 |          1497.240 |           1.50 |        8:30:00 |   364    79   178  58.6 |
|  QTUM/USDT |    638 |           0.22 |         138.99 |          1391.323 |           1.39 |        8:10:00 |   392    61   185  61.4 |
|   ETH/USDT |    643 |           0.18 |         113.14 |          1132.559 |           1.13 |        7:53:00 |   407    73   163  63.3 |
|   XMR/USDT |    633 |           0.18 |         111.86 |          1119.762 |           1.12 |        8:13:00 |   389    72   172  61.5 |
|   BTG/USDT |     82 |           1.27 |         104.34 |          1044.439 |           1.04 |        7:17:00 |    50     9    23  61.0 |
|  DASH/USDT |    645 |           0.16 |         101.94 |          1020.411 |           1.02 |        8:28:00 |   393    78   174  60.9 |
|   EOS/USDT |    654 |           0.15 |          97.33 |           974.275 |           0.97 |        8:02:00 |   393    80   181  60.1 |
|   MKR/USDT |    527 |           0.17 |          90.51 |           906.015 |           0.91 |        8:29:00 |   313    55   159  59.4 |
|   TRX/USDT |    626 |           0.10 |          63.87 |           639.319 |           0.64 |        8:21:00 |   390    69   167  62.3 |
|   ZRX/USDT |    596 |           0.11 |          63.15 |           632.146 |           0.63 |        8:57:00 |   322    61   213  54.0 |
|   FTT/USDT |    585 |           0.01 |           8.04 |            80.454 |           0.08 |        8:59:00 |   359    59   167  61.4 |
|   BTC/USDT |    627 |          -0.01 |          -5.48 |           -54.862 |          -0.05 |        8:18:00 |   367    78   182  58.5 |
|   BNT/USDT |    607 |          -0.10 |         -62.11 |          -621.733 |          -0.62 |        8:46:00 |   357    64   186  58.8 |
|      TOTAL |  30918 |           0.39 |       11981.44 |        119934.260 |         119.93 |        8:12:00 | 18982  3408  8528  61.4 |
======================================================= SELL REASON STATS ========================================================
|        Sell Reason |   Sells |   Win  Draws  Loss  Win% |   Avg Profit % |   Cum Profit % |   Tot Profit USDT |   Tot Profit % |
|--------------------+---------+--------------------------+----------------+----------------+-------------------+----------------|
|        sell_signal |   23602 |  15259     0  8343  64.7 |          -0.05 |       -1112.5  |         -11136.2  |         -22.25 |
|                roi |    5341 |   1933  3408     0   100 |           1.32 |        7043.79 |          70508.3  |         140.88 |
| trailing_stop_loss |    1929 |   1787     0   142  92.6 |           3.26 |        6282.16 |          62884.4  |         125.64 |
|         force_sell |      43 |      3     0    40   7.0 |          -2.98 |        -128.11 |          -1282.35 |          -2.56 |
|          stop_loss |       3 |      0     0     3     0 |         -34.63 |        -103.89 |          -1039.96 |          -2.08 |
======================================================== LEFT OPEN TRADES REPORT ========================================================
|       Pair |   Buys |   Avg Profit % |   Cum Profit % |   Tot Profit USDT |   Tot Profit % |   Avg Duration |   Win  Draw  Loss  Win% |
|------------+--------+----------------+----------------+-------------------+----------------+----------------+-------------------------|
|  NANO/USDT |      1 |           1.54 |           1.54 |            15.371 |           0.02 |        5:30:00 |     1     0     0   100 |
|   ENJ/USDT |      1 |           0.33 |           0.33 |             3.270 |           0.00 |        1:45:00 |     1     0     0   100 |
|  DOGE/USDT |      1 |           0.09 |           0.09 |             0.871 |           0.00 |        3:00:00 |     1     0     0   100 |
|  QTUM/USDT |      1 |          -0.08 |          -0.08 |            -0.768 |          -0.00 |        2:00:00 |     0     0     1     0 |
|   DCR/USDT |      1 |          -0.19 |          -0.19 |            -1.933 |          -0.00 |        1:30:00 |     0     0     1     0 |
|   LSK/USDT |      1 |          -0.25 |          -0.25 |            -2.526 |          -0.00 |        1:45:00 |     0     0     1     0 |
|   FTT/USDT |      1 |          -0.78 |          -0.78 |            -7.819 |          -0.01 |        3:00:00 |     0     0     1     0 |
|   NEO/USDT |      1 |          -1.49 |          -1.49 |           -14.892 |          -0.01 |        9:45:00 |     0     0     1     0 |
|   XEM/USDT |      1 |          -1.72 |          -1.72 |           -17.208 |          -0.02 |       14:45:00 |     0     0     1     0 |
|   ZEC/USDT |      1 |          -1.95 |          -1.95 |           -19.494 |          -0.02 |       10:15:00 |     0     0     1     0 |
|    SC/USDT |      1 |          -1.96 |          -1.96 |           -19.590 |          -0.02 |       10:15:00 |     0     0     1     0 |
|   TRX/USDT |      1 |          -2.09 |          -2.09 |           -20.933 |          -0.02 |       11:00:00 |     0     0     1     0 |
|  HBAR/USDT |      1 |          -2.30 |          -2.30 |           -22.981 |          -0.02 |        3:30:00 |     0     0     1     0 |
|   ETH/USDT |      1 |          -2.33 |          -2.33 |           -23.363 |          -0.02 |       10:15:00 |     0     0     1     0 |
| WAVES/USDT |      1 |          -2.41 |          -2.41 |           -24.141 |          -0.02 |       11:00:00 |     0     0     1     0 |
|   BCH/USDT |      1 |          -2.43 |          -2.43 |           -24.348 |          -0.02 |        9:45:00 |     0     0     1     0 |
|   BTG/USDT |      1 |          -2.46 |          -2.46 |           -24.610 |          -0.02 |       10:15:00 |     0     0     1     0 |
|  IOTA/USDT |      1 |          -2.56 |          -2.56 |           -25.627 |          -0.03 |       10:45:00 |     0     0     1     0 |
|   HOT/USDT |      1 |          -2.77 |          -2.77 |           -27.709 |          -0.03 |       13:45:00 |     0     0     1     0 |
|   XTZ/USDT |      1 |          -2.80 |          -2.80 |           -28.052 |          -0.03 |        9:45:00 |     0     0     1     0 |
|  DASH/USDT |      1 |          -2.92 |          -2.92 |           -29.209 |          -0.03 |        9:45:00 |     0     0     1     0 |
|   XMR/USDT |      1 |          -2.98 |          -2.98 |           -29.859 |          -0.03 |       10:30:00 |     0     0     1     0 |
|   BTC/USDT |      1 |          -3.01 |          -3.01 |           -30.130 |          -0.03 |       10:15:00 |     0     0     1     0 |
|   ZRX/USDT |      1 |          -3.01 |          -3.01 |           -30.136 |          -0.03 |       10:15:00 |     0     0     1     0 |
|   LTC/USDT |      1 |          -3.16 |          -3.16 |           -31.658 |          -0.03 |       10:15:00 |     0     0     1     0 |
|  ATOM/USDT |      1 |          -3.16 |          -3.16 |           -31.673 |          -0.03 |       10:15:00 |     0     0     1     0 |
|   ADA/USDT |      1 |          -3.45 |          -3.45 |           -34.522 |          -0.03 |       11:00:00 |     0     0     1     0 |
|   DGB/USDT |      1 |          -3.50 |          -3.50 |           -35.079 |          -0.04 |       14:15:00 |     0     0     1     0 |
|  ALGO/USDT |      1 |          -3.58 |          -3.58 |           -35.885 |          -0.04 |       11:00:00 |     0     0     1     0 |
|   FTM/USDT |      1 |          -3.68 |          -3.68 |           -36.855 |          -0.04 |       10:15:00 |     0     0     1     0 |
|   MKR/USDT |      1 |          -3.83 |          -3.83 |           -38.333 |          -0.04 |       10:15:00 |     0     0     1     0 |
|   BNT/USDT |      1 |          -3.96 |          -3.96 |           -39.607 |          -0.04 |       11:00:00 |     0     0     1     0 |
|   BAT/USDT |      1 |          -3.97 |          -3.97 |           -39.711 |          -0.04 |        6:00:00 |     0     0     1     0 |
|   EOS/USDT |      1 |          -3.99 |          -3.99 |           -39.987 |          -0.04 |        7:15:00 |     0     0     1     0 |
|  DREP/USDT |      1 |          -4.05 |          -4.05 |           -40.552 |          -0.04 |       10:45:00 |     0     0     1     0 |
|   XRP/USDT |      1 |          -4.33 |          -4.33 |           -43.349 |          -0.04 |       11:00:00 |     0     0     1     0 |
|   RVN/USDT |      1 |          -4.45 |          -4.45 |           -44.563 |          -0.04 |       11:00:00 |     0     0     1     0 |
|   XLM/USDT |      1 |          -4.49 |          -4.49 |           -44.979 |          -0.04 |       10:30:00 |     0     0     1     0 |
|   VET/USDT |      1 |          -4.66 |          -4.66 |           -46.616 |          -0.05 |       11:00:00 |     0     0     1     0 |
|   ZIL/USDT |      1 |          -4.99 |          -4.99 |           -49.983 |          -0.05 |       10:15:00 |     0     0     1     0 |
|  LINK/USDT |      1 |          -6.66 |          -6.66 |           -66.714 |          -0.07 |       11:30:00 |     0     0     1     0 |
|   OMG/USDT |      1 |          -8.10 |          -8.10 |           -81.065 |          -0.08 |       12:30:00 |     0     0     1     0 |
| MATIC/USDT |      1 |          -9.53 |          -9.53 |           -95.410 |          -0.10 |       14:00:00 |     0     0     1     0 |
|      TOTAL |     43 |          -2.98 |        -128.11 |         -1282.353 |          -1.28 |        9:16:00 |     3     0    40   7.0 |
=============== SUMMARY METRICS ===============
| Metric                | Value               |
|-----------------------+---------------------|
| Backtesting from      | 2020-05-27 00:00:00 |
| Backtesting to        | 2021-05-28 02:30:00 |
| Max open trades       | 50                  |
|                       |                     |
| Total trades          | 30918               |
| Starting balance      | 100000.000 USDT     |
| Final balance         | 219934.260 USDT     |
| Absolute profit       | 119934.260 USDT     |
| Total profit %        | 119.93%             |
| Trades per day        | 84.48               |
| Avg. stake amount     | 1000.000 USDT       |
| Total trade volume    | 30918000.000 USDT   |
|                       |                     |
| Best Pair             | TFUEL/USDT 645.76%  |
| Worst Pair            | BNT/USDT -62.11%    |
| Best trade            | ZEN/USDT 16.18%     |
| Worst trade           | THETA/USDT -34.63%  |
| Best day              | 5301.725 USDT       |
| Worst day             | -7177.476 USDT      |
| Days win/draw/lose    | 259 / 0 / 108       |
| Avg. Duration Winners | 4:24:00             |
| Avg. Duration Loser   | 15:15:00            |
| Zero Duration Trades  | 0.62% (192)         |
| Rejected Buy signals  | 0                   |
|                       |                     |
| Min balance           | 96820.626 USDT      |
| Max balance           | 222493.251 USDT     |
| Drawdown              | 1986.87%            |
| Drawdown              | 19888.556 USDT      |
| Drawdown high         | 119578.752 USDT     |
| Drawdown low          | 99690.196 USDT      |
| Drawdown Start        | 2021-05-10 07:45:00 |
| Drawdown End          | 2021-05-19 12:45:00 |
| Market change         | 1599.95%            |
===============================================
