Result for strategy bbrsi
============================================================= BACKTESTING REPORT ============================================================
|       Pair |   Buys |   Avg Profit % |   Cum Profit % |   Tot Profit USDT |   Tot Profit % |   Avg Duration |   Wins |   Draws |   Losses |
|------------+--------+----------------+----------------+-------------------+----------------+----------------+--------+---------+----------|
|  DENT/USDT |    914 |           0.78 |         713.67 |          7143.827 |           7.14 |       11:11:00 |    529 |     227 |      158 |
| TFUEL/USDT |   1065 |           0.65 |         688.12 |          6888.034 |           6.89 |       10:58:00 |    622 |     244 |      199 |
|   NKN/USDT |    859 |           0.77 |         657.44 |          6580.999 |           6.58 |       10:33:00 |    505 |     205 |      149 |
|  DREP/USDT |    739 |           0.88 |         648.08 |          6487.272 |           6.49 |        9:57:00 |    451 |     151 |      137 |
|  COTI/USDT |    726 |           0.87 |         630.86 |          6314.952 |           6.31 |        8:55:00 |    434 |     160 |      132 |
|   OGN/USDT |    803 |           0.78 |         629.94 |          6305.721 |           6.31 |        9:12:00 |    471 |     173 |      159 |
|  TROY/USDT |    801 |           0.76 |         612.16 |          6127.771 |           6.13 |       10:19:00 |    475 |     168 |      158 |
|  HBAR/USDT |    867 |           0.64 |         555.71 |          5562.665 |           5.56 |       11:04:00 |    500 |     214 |      153 |
|  PERL/USDT |    955 |           0.56 |         533.53 |          5340.629 |           5.34 |       10:24:00 |    563 |     194 |      198 |
|   ENJ/USDT |   1042 |           0.51 |         531.41 |          5319.456 |           5.32 |       11:59:00 |    581 |     256 |      205 |
|   ONE/USDT |   1062 |           0.50 |         528.23 |          5287.558 |           5.29 |       10:44:00 |    599 |     231 |      232 |
|  ANKR/USDT |    983 |           0.53 |         524.11 |          5246.354 |           5.25 |       10:34:00 |    562 |     208 |      213 |
|  CTSI/USDT |    607 |           0.86 |         522.92 |          5234.394 |           5.23 |        9:20:00 |    367 |     128 |      112 |
| MATIC/USDT |   1118 |           0.47 |         522.25 |          5227.757 |           5.23 |       10:27:00 |    659 |     222 |      237 |
|   FTM/USDT |   1074 |           0.46 |         499.18 |          4996.807 |           5.00 |       10:27:00 |    600 |     238 |      236 |
|   CHZ/USDT |    930 |           0.52 |         485.29 |          4857.764 |           4.86 |       10:29:00 |    547 |     213 |      170 |
|  AION/USDT |    666 |           0.72 |         479.71 |          4801.849 |           4.80 |       10:24:00 |    390 |     152 |      124 |
| THETA/USDT |   1036 |           0.46 |         477.46 |          4779.378 |           4.78 |       11:52:00 |    563 |     272 |      201 |
|  IOTX/USDT |    777 |           0.61 |         471.88 |          4723.513 |           4.72 |       11:00:00 |    440 |     180 |      157 |
|   ONG/USDT |   1064 |           0.44 |         467.17 |          4676.355 |           4.68 |       11:46:00 |    598 |     257 |      209 |
|   MBL/USDT |    686 |           0.67 |         459.31 |          4597.661 |           4.60 |        9:56:00 |    413 |     140 |      133 |
|   WRX/USDT |    711 |           0.63 |         450.12 |          4505.663 |           4.51 |       10:11:00 |    410 |     163 |      138 |
|   COS/USDT |    949 |           0.47 |         448.58 |          4490.268 |           4.49 |       10:56:00 |    532 |     234 |      183 |
|   WTC/USDT |    558 |           0.80 |         443.96 |          4444.013 |           4.44 |       11:18:00 |    327 |     133 |       98 |
|  HIVE/USDT |    552 |           0.79 |         436.78 |          4372.176 |           4.37 |       10:58:00 |    323 |     129 |      100 |
|  BEAM/USDT |    870 |           0.49 |         424.82 |          4252.497 |           4.25 |       11:02:00 |    485 |     213 |      172 |
|   RVN/USDT |    830 |           0.49 |         407.43 |          4078.363 |           4.08 |       11:47:00 |    494 |     175 |      161 |
|  CELR/USDT |   1094 |           0.36 |         394.64 |          3950.393 |           3.95 |       11:09:00 |    637 |     214 |      243 |
|   FET/USDT |   1130 |           0.35 |         392.91 |          3932.997 |           3.93 |       10:32:00 |    632 |     251 |      247 |
|   REN/USDT |    878 |           0.45 |         390.73 |          3911.252 |           3.91 |       10:35:00 |    510 |     198 |      170 |
|   ZIL/USDT |   1085 |           0.34 |         374.00 |          3743.783 |           3.74 |       11:16:00 |    584 |     285 |      216 |
|   ICX/USDT |    997 |           0.37 |         365.84 |          3662.051 |           3.66 |       12:38:00 |    548 |     235 |      214 |
|  ARPA/USDT |    822 |           0.43 |         355.26 |          3556.113 |           3.56 |       10:20:00 |    461 |     185 |      176 |
|  DOGE/USDT |    991 |           0.36 |         352.78 |          3531.313 |           3.53 |       11:28:00 |    556 |     245 |      190 |
|  TOMO/USDT |    937 |           0.37 |         348.87 |          3492.192 |           3.49 |       10:32:00 |    545 |     203 |      189 |
|   XTZ/USDT |    826 |           0.38 |         314.95 |          3152.640 |           3.15 |       11:36:00 |    457 |     203 |      166 |
|   WIN/USDT |    923 |           0.33 |         302.27 |          3025.688 |           3.03 |       11:28:00 |    523 |     211 |      189 |
|  BAND/USDT |    913 |           0.32 |         292.53 |          2928.190 |           2.93 |       10:14:00 |    515 |     187 |      211 |
|   BAT/USDT |    970 |           0.29 |         281.67 |          2819.537 |           2.82 |       12:59:00 |    529 |     250 |      191 |
| WAVES/USDT |   1020 |           0.27 |         270.89 |          2711.632 |           2.71 |       12:24:00 |    578 |     242 |      200 |
|  ATOM/USDT |    964 |           0.28 |         267.13 |          2673.969 |           2.67 |       12:48:00 |    543 |     220 |      201 |
|   ETC/USDT |   1016 |           0.24 |         243.06 |          2433.071 |           2.43 |       12:21:00 |    582 |     237 |      197 |
|   ADA/USDT |    963 |           0.24 |         228.91 |          2291.436 |           2.29 |       13:01:00 |    515 |     253 |      195 |
|  ALGO/USDT |    997 |           0.23 |         226.72 |          2269.484 |           2.27 |       11:08:00 |    571 |     201 |      225 |
|   VET/USDT |   1009 |           0.22 |         225.73 |          2259.605 |           2.26 |       12:17:00 |    555 |     251 |      203 |
|  IOTA/USDT |    935 |           0.23 |         217.61 |          2178.274 |           2.18 |       13:38:00 |    481 |     240 |      214 |
|   XMR/USDT |    938 |           0.21 |         200.06 |          2002.559 |           2.00 |       13:37:00 |    501 |     258 |      179 |
|  IOST/USDT |   1060 |           0.18 |         191.94 |          1921.312 |           1.92 |       11:44:00 |    586 |     254 |      220 |
|  NANO/USDT |   1015 |           0.18 |         183.00 |          1831.823 |           1.83 |       12:28:00 |    563 |     240 |      212 |
|  KAVA/USDT |    815 |           0.22 |         180.80 |          1809.762 |           1.81 |       10:51:00 |    447 |     170 |      198 |
|   ONT/USDT |    986 |           0.16 |         162.38 |          1625.406 |           1.63 |       12:49:00 |    547 |     235 |      204 |
|   TRX/USDT |    956 |           0.17 |         160.71 |          1608.682 |           1.61 |       13:12:00 |    512 |     243 |      201 |
|   BTT/USDT |   1005 |           0.15 |         152.36 |          1525.163 |           1.53 |       12:25:00 |    550 |     239 |      216 |
|   BCH/USDT |    733 |           0.20 |         149.87 |          1500.168 |           1.50 |       11:30:00 |    423 |     188 |      122 |
|   ZEC/USDT |    963 |           0.11 |         104.14 |          1042.474 |           1.04 |       13:05:00 |    522 |     242 |      199 |
|   RLC/USDT |    752 |           0.14 |         102.46 |          1025.586 |           1.03 |       11:24:00 |    400 |     187 |      165 |
|   BTC/USDT |    949 |           0.11 |          99.79 |           998.940 |           1.00 |       13:11:00 |    526 |     252 |      171 |
|   OMG/USDT |    978 |           0.10 |          99.79 |           998.893 |           1.00 |       13:00:00 |    532 |     229 |      217 |
|   FTT/USDT |    588 |           0.15 |          91.01 |           910.984 |           0.91 |       13:56:00 |    334 |     137 |      117 |
|   NEO/USDT |    951 |           0.06 |          56.61 |           566.658 |           0.57 |       13:15:00 |    493 |     258 |      200 |
|   ETH/USDT |    918 |           0.06 |          53.84 |           538.907 |           0.54 |       13:37:00 |    489 |     256 |      173 |
|  QTUM/USDT |    941 |           0.04 |          40.34 |           403.831 |           0.40 |       13:24:00 |    509 |     225 |      207 |
|   ZRX/USDT |    923 |           0.04 |          38.35 |           383.851 |           0.38 |       13:48:00 |    492 |     201 |      230 |
|   EOS/USDT |   1030 |           0.03 |          25.99 |           260.199 |           0.26 |       12:00:00 |    552 |     278 |      200 |
|   BNT/USDT |    602 |           0.04 |          23.90 |           239.213 |           0.24 |       12:04:00 |    357 |     117 |      128 |
|  DASH/USDT |    934 |          -0.04 |         -41.42 |          -414.621 |          -0.41 |       13:52:00 |    500 |     235 |      199 |
|      TOTAL |  59751 |           0.37 |       22172.54 |        221947.105 |         221.95 |       11:39:00 |  33597 |   14035 |    12119 |
========================================================= SELL REASON STATS =========================================================
|        Sell Reason |   Sells |   Wins |   Draws |   Losses |   Avg Profit % |   Cum Profit % |   Tot Profit USDT |   Tot Profit % |
|--------------------+---------+--------+---------+----------+----------------+----------------+-------------------+----------------|
|                roi |   29201 |  15166 |   14035 |        0 |           1.27 |       36940.9  |        369778     |         559.71 |
|        sell_signal |   19014 |  11132 |       0 |     7882 |          -0    |         -72.67 |          -727.442 |          -1.1  |
| trailing_stop_loss |    7293 |   7293 |       0 |        0 |           5.67 |       41316.8  |        413582     |         626.01 |
|          stop_loss |    4181 |      0 |       0 |     4181 |         -13.33 |      -55743.2  |       -557990     |        -844.59 |
|         force_sell |      62 |      6 |       0 |       56 |          -4.34 |        -269.29 |         -2695.61  |          -4.08 |
=========================================================== LEFT OPEN TRADES REPORT ===========================================================
|       Pair |   Buys |   Avg Profit % |   Cum Profit % |   Tot Profit USDT |   Tot Profit % |     Avg Duration |   Wins |   Draws |   Losses |
|------------+--------+----------------+----------------+-------------------+----------------+------------------+--------+---------+----------|
|  CELR/USDT |      1 |           3.87 |           3.87 |            38.757 |           0.04 |          0:30:00 |      1 |       0 |        0 |
|  ARPA/USDT |      1 |           1.28 |           1.28 |            12.802 |           0.01 |          0:30:00 |      1 |       0 |        0 |
|  COTI/USDT |      1 |           1.05 |           1.05 |            10.550 |           0.01 |          0:15:00 |      1 |       0 |        0 |
|  HBAR/USDT |      1 |           0.74 |           0.74 |             7.403 |           0.01 |          0:15:00 |      1 |       0 |        0 |
|   ICX/USDT |      1 |           0.52 |           0.52 |             5.228 |           0.01 |          0:15:00 |      1 |       0 |        0 |
|   CHZ/USDT |      1 |           0.37 |           0.37 |             3.735 |           0.00 |          0:30:00 |      1 |       0 |        0 |
|  IOTX/USDT |      1 |          -0.20 |          -0.20 |            -2.000 |          -0.00 |          0:00:00 |      0 |       0 |        1 |
|   ETH/USDT |      1 |          -1.30 |          -1.30 |           -13.041 |          -0.01 |          5:30:00 |      0 |       0 |        1 |
|   BNT/USDT |      1 |          -1.65 |          -1.65 |           -16.560 |          -0.02 |          5:45:00 |      0 |       0 |        1 |
|   ONE/USDT |      1 |          -1.70 |          -1.70 |           -16.973 |          -0.02 |          1:00:00 |      0 |       0 |        1 |
|  DREP/USDT |      1 |          -1.74 |          -1.74 |           -17.400 |          -0.02 |          2:30:00 |      0 |       0 |        1 |
|   BTC/USDT |      1 |          -1.75 |          -1.75 |           -17.522 |          -0.02 |          5:30:00 |      0 |       0 |        1 |
|   VET/USDT |      1 |          -1.83 |          -1.83 |           -18.269 |          -0.02 |          2:15:00 |      0 |       0 |        1 |
|   XMR/USDT |      1 |          -1.97 |          -1.97 |           -19.762 |          -0.02 |          1:00:00 |      0 |       0 |        1 |
|   NKN/USDT |      1 |          -2.31 |          -2.31 |           -23.153 |          -0.02 |          8:45:00 |      0 |       0 |        1 |
|  PERL/USDT |      1 |          -2.39 |          -2.39 |           -23.896 |          -0.02 |          1:45:00 |      0 |       0 |        1 |
|   REN/USDT |      1 |          -2.47 |          -2.47 |           -24.766 |          -0.02 |          1:00:00 |      0 |       0 |        1 |
|   WTC/USDT |      1 |          -2.51 |          -2.51 |           -25.151 |          -0.03 |          9:15:00 |      0 |       0 |        1 |
|  BEAM/USDT |      1 |          -2.67 |          -2.67 |           -26.775 |          -0.03 |          1:15:00 |      0 |       0 |        1 |
|  DOGE/USDT |      1 |          -2.79 |          -2.79 |           -27.934 |          -0.03 |          0:45:00 |      0 |       0 |        1 |
|   FET/USDT |      1 |          -2.98 |          -2.98 |           -29.802 |          -0.03 |          1:45:00 |      0 |       0 |        1 |
|   FTT/USDT |      1 |          -3.26 |          -3.26 |           -32.669 |          -0.03 |          5:45:00 |      0 |       0 |        1 |
|   RLC/USDT |      1 |          -3.33 |          -3.33 |           -33.304 |          -0.03 |          5:30:00 |      0 |       0 |        1 |
| WAVES/USDT |      1 |          -3.40 |          -3.40 |           -34.072 |          -0.03 |          8:00:00 |      0 |       0 |        1 |
|  ATOM/USDT |      1 |          -3.43 |          -3.43 |           -34.343 |          -0.03 |          8:30:00 |      0 |       0 |        1 |
|   COS/USDT |      1 |          -3.58 |          -3.58 |           -35.824 |          -0.04 |          3:30:00 |      0 |       0 |        1 |
|  ANKR/USDT |      1 |          -3.64 |          -3.64 |           -36.412 |          -0.04 |          9:45:00 |      0 |       0 |        1 |
|   WIN/USDT |      1 |          -3.67 |          -3.67 |           -36.727 |          -0.04 |          8:00:00 |      0 |       0 |        1 |
|  ALGO/USDT |      1 |          -3.71 |          -3.71 |           -37.148 |          -0.04 |          5:30:00 |      0 |       0 |        1 |
|  AION/USDT |      1 |          -3.85 |          -3.85 |           -38.511 |          -0.04 |          2:15:00 |      0 |       0 |        1 |
|   FTM/USDT |      1 |          -4.07 |          -4.07 |           -40.705 |          -0.04 |          4:45:00 |      0 |       0 |        1 |
|  KAVA/USDT |      1 |          -4.09 |          -4.09 |           -40.921 |          -0.04 |          5:00:00 |      0 |       0 |        1 |
|   ZIL/USDT |      1 |          -4.12 |          -4.12 |           -41.248 |          -0.04 |          5:30:00 |      0 |       0 |        1 |
|   BCH/USDT |      1 |          -4.17 |          -4.17 |           -41.697 |          -0.04 |          6:30:00 |      0 |       0 |        1 |
|   ZEC/USDT |      1 |          -4.25 |          -4.25 |           -42.571 |          -0.04 |          8:30:00 |      0 |       0 |        1 |
|  TROY/USDT |      1 |          -4.34 |          -4.34 |           -43.469 |          -0.04 |          3:00:00 |      0 |       0 |        1 |
|   OGN/USDT |      1 |          -5.30 |          -5.30 |           -53.097 |          -0.05 |          5:45:00 |      0 |       0 |        1 |
|   BTT/USDT |      1 |          -5.40 |          -5.40 |           -54.018 |          -0.05 |          5:45:00 |      0 |       0 |        1 |
|  QTUM/USDT |      1 |          -5.58 |          -5.58 |           -55.816 |          -0.06 |          5:45:00 |      0 |       0 |        1 |
|   ONT/USDT |      1 |          -5.59 |          -5.59 |           -55.920 |          -0.06 |          5:30:00 |      0 |       0 |        1 |
| TFUEL/USDT |      1 |          -5.59 |          -5.59 |           -55.943 |          -0.06 |          9:30:00 |      0 |       0 |        1 |
|  BAND/USDT |      1 |          -5.81 |          -5.81 |           -58.182 |          -0.06 |          5:30:00 |      0 |       0 |        1 |
|   XTZ/USDT |      1 |          -5.83 |          -5.83 |           -58.359 |          -0.06 |          5:30:00 |      0 |       0 |        1 |
|  DASH/USDT |      1 |          -5.93 |          -5.93 |           -59.386 |          -0.06 |          5:30:00 |      0 |       0 |        1 |
|   ETC/USDT |      1 |          -6.12 |          -6.12 |           -61.220 |          -0.06 |          7:15:00 |      0 |       0 |        1 |
|   NEO/USDT |      1 |          -6.37 |          -6.37 |           -63.799 |          -0.06 |          7:30:00 |      0 |       0 |        1 |
|  NANO/USDT |      1 |          -6.41 |          -6.41 |           -64.177 |          -0.06 |         13:30:00 |      0 |       0 |        1 |
|   BAT/USDT |      1 |          -6.54 |          -6.54 |           -65.418 |          -0.07 |          8:00:00 |      0 |       0 |        1 |
|  DENT/USDT |      1 |          -6.55 |          -6.55 |           -65.607 |          -0.07 |          9:30:00 |      0 |       0 |        1 |
|   EOS/USDT |      1 |          -6.78 |          -6.78 |           -67.826 |          -0.07 |          8:30:00 |      0 |       0 |        1 |
|   ADA/USDT |      1 |          -7.21 |          -7.21 |           -72.217 |          -0.07 |          5:30:00 |      0 |       0 |        1 |
| THETA/USDT |      1 |          -7.33 |          -7.33 |           -73.349 |          -0.07 |          7:45:00 |      0 |       0 |        1 |
|  IOTA/USDT |      1 |          -7.60 |          -7.60 |           -76.112 |          -0.08 |          9:00:00 |      0 |       0 |        1 |
| MATIC/USDT |      1 |          -7.88 |          -7.88 |           -78.831 |          -0.08 |          9:45:00 |      0 |       0 |        1 |
|   OMG/USDT |      1 |          -7.93 |          -7.93 |           -79.395 |          -0.08 |          7:00:00 |      0 |       0 |        1 |
|   ENJ/USDT |      1 |          -8.33 |          -8.33 |           -83.344 |          -0.08 |         19:45:00 |      0 |       0 |        1 |
|  HIVE/USDT |      1 |          -8.35 |          -8.35 |           -83.564 |          -0.08 |         14:15:00 |      0 |       0 |        1 |
|   ZRX/USDT |      1 |          -8.53 |          -8.53 |           -85.428 |          -0.09 |         16:30:00 |      0 |       0 |        1 |
|   ONG/USDT |      1 |          -9.52 |          -9.52 |           -95.281 |          -0.10 |         20:30:00 |      0 |       0 |        1 |
|   TRX/USDT |      1 |         -10.46 |         -10.46 |          -104.661 |          -0.10 |          7:15:00 |      0 |       0 |        1 |
|  TOMO/USDT |      1 |         -11.09 |         -11.09 |          -111.000 |          -0.11 | 3 days, 11:15:00 |      0 |       0 |        1 |
|   MBL/USDT |      1 |         -11.94 |         -11.94 |          -119.508 |          -0.12 |         14:15:00 |      0 |       0 |        1 |
|      TOTAL |     62 |          -4.34 |        -269.29 |         -2695.609 |          -2.70 |          7:23:00 |      6 |       0 |       56 |
=============== SUMMARY METRICS ===============
| Metric                | Value               |
|-----------------------+---------------------|
| Backtesting from      | 2019-04-15 00:00:00 |
| Backtesting to        | 2021-04-14 14:45:00 |
| Max open trades       | 66                  |
|                       |                     |
| Total trades          | 59751               |
| Starting balance      | 100000.000 USDT     |
| Final balance         | 321947.105 USDT     |
| Absolute profit       | 221947.105 USDT     |
| Total profit %        | 221.95%             |
| Trades per day        | 81.85               |
| Avg. stake amount     | 1000.000 USDT       |
| Total trade volume    | 59751000.000 USDT   |
|                       |                     |
| Best Pair             | DENT/USDT 713.67%   |
| Worst Pair            | DASH/USDT -41.42%   |
| Best trade            | DENT/USDT 24.97%    |
| Worst trade           | ENJ/USDT -13.33%    |
| Best day              | 11187.795 USDT      |
| Worst day             | -25701.500 USDT     |
| Days win/draw/lose    | 500 / 0 / 231       |
| Avg. Duration Winners | 5:56:00             |
| Avg. Duration Loser   | 23:54:00            |
|                       |                     |
| Min balance           | 63397.524 USDT      |
| Max balance           | 324836.365 USDT     |
| Drawdown              | 4823.36%            |
| Drawdown              | 48281.811 USDT      |
| Drawdown high         | 11850.858 USDT      |
| Drawdown low          | -36430.953 USDT     |
| Drawdown Start        | 2020-02-15 14:45:00 |
| Drawdown End          | 2020-03-13 02:15:00 |
| Market change         | 1858.37%            |
===============================================
